24.88,0
24.87,0.59
24.84,1.17
24.86,1.76
24.89,2.35
24.92,2.93
24.94,3.52
24.96,4.11
24.98,4.69
25.01,5.28
25.03,5.86
25.06,6.45
25.09,7.04
25.11,7.62
25.14,8.210000000000001
25.17,8.800000000000001
25.19,9.380000000000001
25.22,9.970000000000001
25.24,10.56
25.27,11.14
25.3,11.73
25.32,12.32
25.35,12.9
25.37,13.49
25.39,14.07
25.42,14.66
25.44,15.25
25.47,15.83
25.49,16.42
25.51,17.01
25.54,17.59
25.56,18.18
25.59,18.77
25.62,19.35
25.64,19.94
25.66,20.53
25.69,21.11
25.72,21.7
25.74,22.28
25.76,22.87
25.8,23.46
25.82,24.04
25.85,24.63
25.88,25.22
25.9,25.8
25.93,26.39
25.95,26.98
25.98,27.56
26.01,28.15
26.04,28.74
26.07,29.32
26.09,29.91
26.12,30.49
26.15,31.08
26.18,31.67
26.21,32.25
26.24,32.84
26.27,33.43
26.3,34.01
26.33,34.6
0,30.41
-0.59,30.37
-1.17,30.2
-1.76,30.01
-2.35,29.9
-2.93,29.81
-3.52,29.7
-4.11,29.59
-4.69,29.5
-5.28,29.38
-5.86,29.27
-6.45,29.18
-7.04,29.07
-7.62,28.98
-8.210000000000001,28.86
-8.800000000000001,28.75
-9.380000000000001,28.66
-9.970000000000001,28.54
-10.56,28.43
-11.14,28.33
-11.73,28.22
-12.32,28.12
-12.9,28.01
-13.49,27.89
-14.07,27.79
-14.66,27.68
-15.25,27.58
-15.83,27.46
-16.42,27.34
-17.01,27.24
-17.59,27.12
-18.18,27.02
-18.77,26.95
-19.35,27.06
-19.94,27.3
-20.53,27.73
_
-14.62,26.39
-14.95,26.98
-15.23,27.56
-15.43,28.15
-15.59,28.74
-15.66,29.32
-15.71,29.91
-15.76,30.49
-15.8,31.08
-15.85,31.67
-15.88,32.25
-15.93,32.84
-15.98,33.43
-16.02,34.01
-16.07,34.6
-16.04,35.19
-15.79,35.77
-15.61,36.36
-15.34,36.95
-15.03,37.53
_
-17.59,31.68
-17.01,32.01
-16.42,32.28
-15.83,32.56
-15.25,32.65
-14.66,32.69
-14.07,32.75
-13.49,32.8
-12.9,32.85
-12.32,32.9
-11.73,32.95
-11.14,33.01
-10.56,33.07
-9.970000000000001,33.11
-9.380000000000001,33.17
-8.800000000000001,33.23
-8.210000000000001,33.27
-7.62,33.33
-7.04,33.38
-6.45,33.44
-5.86,33.5
-5.28,33.56
-4.69,33.62
-4.11,33.67
-3.52,33.73
-2.93,33.79
-2.35,33.83
-1.76,33.89
-1.17,33.95
-0.59,33.99
-0.0,34.05
0.59,34.11
1.17,34.16
1.76,34.22
2.35,34.27
2.93,34.32
3.52,34.37
4.11,34.42
4.69,34.48
5.28,34.53
5.86,34.58
6.45,34.63
7.04,34.68
7.62,34.74
8.210000000000001,34.79
8.800000000000001,34.84
9.380000000000001,34.89
9.970000000000001,34.93
10.56,34.98
11.14,35.03
11.73,35.06
12.32,35.11
12.9,35.15
13.49,35.2
14.07,35.24
14.66,35.29
15.25,35.34
15.83,35.39
16.42,35.44
17.01,35.48
17.59,35.53
18.18,35.58
18.77,35.62
19.35,35.67
19.94,35.72
20.53,35.76
21.11,35.81
21.7,35.85
22.28,35.9
22.87,35.94
23.46,35.99
24.04,35.91
24.63,35.81
25.22,35.44
25.8,35.21
_
18.79,36.95
19.13,36.36
19.41,35.77
19.61,35.19
19.76,34.6
19.89,34.01
19.87,33.43
19.83,32.84
19.8,32.25
19.77,31.67
19.73,31.08
19.7,30.49
19.67,29.91
19.64,29.32
19.61,28.74
19.57,28.15
19.54,27.56
19.51,26.98
19.48,26.39
19.44,25.8
19.41,25.22
19.37,24.63
19.34,24.04
19.31,23.46
19.27,22.87
19.24,22.28
19.2,21.7
19.17,21.11
19.14,20.53
19.1,19.94
19.07,19.35
19.03,18.77
18.99,18.18
18.95,17.59
18.92,17.01
18.88,16.42
18.84,15.83
18.81,15.25
18.77,14.66
18.73,14.07
18.7,13.49
18.66,12.9
18.62,12.32
18.58,11.73
18.53,11.14
18.49,10.56
18.45,9.970000000000001
18.41,9.380000000000001
18.37,8.800000000000001
18.33,8.210000000000001
18.3,7.62
18.26,7.04
18.22,6.45
18.18,5.86
18.14,5.28
18.1,4.69
18.06,4.11
18.02,3.52
17.98,2.93
17.94,2.35
17.91,1.76
17.86,1.17
17.82,0.59
17.79,-0.0
17.74,-0.59
17.71,-1.17
17.66,-1.76
17.62,-2.35
17.59,-2.93
17.54,-3.52
17.51,-4.11
17.46,-4.69
17.43,-5.28
17.38,-5.86
17.34,-6.45
17.3,-7.04
17.25,-7.62
17.21,-8.210000000000001
17.18,-8.800000000000001
17.13,-9.380000000000001
17.09,-9.970000000000001
17.05,-10.56
17.01,-11.14
16.97,-11.73
16.92,-12.32
16.87,-12.9
16.83,-13.49
16.78,-14.07
16.74,-14.66
16.7,-15.25
16.65,-15.83
16.61,-16.42
16.57,-17.01
16.53,-17.59
16.49,-18.18
16.44,-18.77
16.41,-19.35
16.36,-19.94
16.28,-20.53
16.09,-21.11
15.85,-21.7
15.52,-22.28
15.12,-22.87
_
19.35,-17.27
18.77,-17.6
18.18,-17.87
17.59,-18.19
17.01,-18.26
16.42,-18.3
15.83,-18.33
15.25,-18.36
14.66,-18.4
14.07,-18.43
13.49,-18.46
12.9,-18.49
12.32,-18.52
11.73,-18.55
11.14,-18.52
10.56,-18.45
9.970000000000001,-18.32
9.380000000000001,-18.14
8.800000000000001,-17.53
_
-89.0,-32.84
-89.01000000000001,-33.43
-89.11,-34.01
-89.23999999999999,-34.6
-89.41,-35.19
-89.54000000000001,-35.77
-89.70999999999999,-36.36
-89.88,-36.95
-90.02,-37.53
-90.18000000000001,-38.12
-90.33,-38.7
-90.48999999999999,-39.29
-90.66,-39.88
-90.8,-40.46
-90.97,-41.05
-91.11,-41.64
-91.28,-42.22
-91.45,-42.81
-91.59999999999999,-43.4
-91.77,-43.98
-91.92,-44.57
-92.09,-45.16
-92.26000000000001,-45.74
-92.40000000000001,-46.33
-92.56999999999999,-46.91
-92.70999999999999,-47.5
-92.88,-48.09
-93.05,-48.67
-93.19,-49.26
-93.37,-49.85
-93.51000000000001,-50.43
-93.68000000000001,-51.02
-93.84999999999999,-51.61
-94.0,-52.19
-94.18000000000001,-52.78
-94.31999999999999,-53.37
-94.5,-53.95
-94.68000000000001,-54.54
-94.81999999999999,-55.12
-95.0,-55.71
-95.15000000000001,-56.3
-95.33,-56.88
-95.47,-57.47
-95.65000000000001,-58.06
-95.83,-58.64
-95.97,-59.23
-96.15000000000001,-59.82
-96.3,-60.4
-96.48,-60.99
-96.65000000000001,-61.58
-96.8,-62.16
-96.98,-62.75
-97.16,-63.33
-97.31,-63.92
-97.48,-64.51000000000001
-97.63,-65.09
-97.81,-65.68000000000001
-97.98999999999999,-66.27
-98.13,-66.84999999999999
-98.31,-67.44
-98.45999999999999,-68.03
-98.64,-68.61
-98.81999999999999,-69.2
-98.95999999999999,-69.79000000000001
-99.14,-70.37
-99.29000000000001,-70.95999999999999
-99.45999999999999,-71.54000000000001
-99.64,-72.13
-99.79000000000001,-72.72
-99.97,-73.3
-100.15,-73.89
-100.3,-74.48
-100.48,-75.06
-100.62,-75.65000000000001
-100.8,-76.23999999999999
-100.94,-76.81999999999999
-101.12,-77.41
-101.3,-78.0
-101.44,-78.58
-101.62,-79.17
-101.77,-79.75
-101.95,-80.34
-102.1,-80.93000000000001
-102.27,-81.51000000000001
-102.45,-82.09999999999999
-102.6,-82.69
-102.77,-83.27
-102.95,-83.86
-103.1,-84.45
-103.27,-85.03
-103.45,-85.62
-103.6,-86.20999999999999
-103.77,-86.79000000000001
-103.92,-87.38
-104.1,-87.95999999999999
-104.25,-88.55
-104.42,-89.14
-104.59,-89.72
-104.74,-90.31
-104.92,-90.90000000000001
-105.06,-91.48
-105.24,-92.06999999999999
-105.42,-92.66
-105.56,-93.23999999999999
-105.74,-93.83
-105.89,-94.42
-106.07,-95.0
-106.22,-95.59
-106.39,-96.17
-106.57,-96.76000000000001
-106.72,-97.34999999999999
-106.9,-97.93000000000001
-107.08,-98.52
-107.23,-99.11
-107.41,-99.69
-107.59,-100.28
-107.74,-100.87
-107.92,-101.45
-108.07,-102.04
-108.55,-102.63
-76.81999999999999,-97.12
-76.23999999999999,-97.11
-75.65000000000001,-97.06
-75.06,-97.0
-74.48,-97.01000000000001
-73.89,-97.04000000000001
-73.3,-97.06
-72.72,-97.09
-72.13,-97.12
-71.54000000000001,-97.14
-70.95999999999999,-97.17
-70.37,-97.19
-69.79000000000001,-97.23
-69.2,-97.26000000000001
-68.61,-97.28
-68.03,-97.31999999999999
-67.44,-97.34
-66.84999999999999,-97.37
-66.27,-97.40000000000001
-65.68000000000001,-97.42
-65.09,-97.45
-64.51000000000001,-97.48
-63.92,-97.5
-63.33,-97.53
-62.75,-97.55
-62.16,-97.56999999999999
-61.58,-97.59999999999999
-60.99,-97.62
-60.4,-97.64
-59.82,-97.67
-59.23,-97.69
-58.64,-97.72
-58.06,-97.75
-57.47,-97.77
-56.88,-97.8
-56.3,-97.81999999999999
-55.71,-97.84999999999999
-55.12,-97.87
-54.54,-97.90000000000001
-53.95,-97.92
-53.37,-97.95
-52.78,-97.98
-52.19,-98.0
-51.61,-98.03
-51.02,-98.05
-50.43,-98.08
-49.85,-98.09999999999999
-49.26,-98.13
-48.67,-98.16
-48.09,-98.19
-47.5,-98.22
-46.91,-98.23999999999999
-46.33,-98.27
-45.74,-98.3
-45.16,-98.31999999999999
-44.57,-98.34999999999999
-43.98,-98.38
-43.4,-98.41
-42.81,-98.43000000000001
-42.22,-98.45999999999999
-41.64,-98.48999999999999
-41.05,-98.51000000000001
-40.46,-98.53
-39.88,-98.56
-39.29,-98.58
-38.7,-98.61
-38.12,-98.63
-37.53,-98.66
-36.95,-98.68000000000001
-36.36,-98.70999999999999
-35.77,-98.73999999999999
-35.19,-98.77
-34.6,-98.8
-34.01,-98.81999999999999
-33.43,-98.84999999999999
-32.84,-98.88
-32.25,-98.91
-31.67,-98.94
-31.08,-98.97
-30.49,-98.98999999999999
-29.91,-99.03
-29.32,-99.05
-28.74,-99.09
-28.15,-99.12
-27.56,-99.14
-26.98,-99.18000000000001
-26.39,-99.2
-25.8,-99.23
-25.22,-99.25
-24.63,-99.28
-24.04,-99.31
-23.46,-99.34
-22.87,-99.36
-22.28,-99.39
-21.7,-99.42
-21.11,-99.45
-20.53,-99.48
-19.94,-99.5
-19.35,-99.53
-18.77,-99.56
-18.18,-99.59
-17.59,-99.62
-17.01,-99.65000000000001
-16.42,-99.69
-15.83,-99.72
-15.25,-99.76000000000001
-14.66,-99.8
-14.07,-99.84
-13.49,-99.88
-12.9,-99.92
-12.32,-99.95
-11.73,-99.98999999999999
-11.14,-100.02
-10.56,-100.06
-9.970000000000001,-100.09
-9.380000000000001,-100.13
-8.800000000000001,-100.17
-8.210000000000001,-100.2
-7.62,-100.24
-7.04,-100.28
-6.45,-100.32
-5.86,-100.36
-5.28,-100.39
-4.69,-100.43
-4.11,-100.47
-3.52,-100.5
-2.93,-100.54
-2.35,-100.58
-1.76,-100.61
-1.17,-100.65
-0.59,-100.69
-0.0,-100.73
0.59,-100.77
1.17,-100.81
1.76,-100.85
2.35,-100.89
2.93,-100.92
3.52,-100.97
4.11,-101.01
4.69,-101.04
5.28,-101.08
5.86,-101.11
6.45,-101.15
7.04,-101.19
7.62,-101.23
8.210000000000001,-101.26
8.800000000000001,-101.3
9.380000000000001,-101.34
9.970000000000001,-101.38
10.56,-101.41
11.14,-101.45
11.73,-101.49
12.32,-101.53
12.9,-101.57
13.49,-101.6
14.07,-101.65
14.66,-101.68
15.25,-101.72
15.83,-101.76
16.42,-101.79
17.01,-101.83
17.59,-101.87
18.18,-101.9
18.77,-101.94
19.35,-101.98
19.94,-102.02
20.53,-102.05
21.11,-102.09
21.7,-102.13
22.28,-102.17
22.87,-102.21
23.46,-102.25
24.04,-102.28
24.63,-102.33
25.22,-102.36
25.8,-102.4
26.39,-102.45
26.98,-102.48
27.56,-102.53
28.15,-102.57
28.74,-102.6
29.32,-102.65
29.91,-102.69
30.49,-102.73
31.08,-102.77
31.67,-102.81
32.25,-102.85
32.84,-102.9
33.43,-102.93
34.01,-102.98
34.6,-103.01
35.19,-103.06
35.77,-103.1
36.36,-103.14
36.95,-103.19
37.53,-103.22
38.12,-103.27
38.7,-103.3
39.29,-103.35
39.88,-103.4
40.46,-103.43
41.05,-103.48
41.64,-103.52
42.22,-103.57
42.81,-103.6
43.4,-103.65
43.98,-103.7
44.57,-103.74
45.16,-103.78
45.74,-103.82
46.33,-103.87
46.91,-103.92
47.5,-103.96
48.09,-104.0
48.67,-104.04
49.26,-104.09
49.85,-104.14
50.43,-104.17
51.02,-104.22
51.61,-104.27
52.19,-104.31
52.78,-104.35
53.37,-104.39
53.95,-104.44
54.54,-104.49
55.12,-104.53
55.71,-104.57
56.3,-104.61
56.88,-104.66
57.47,-104.7
58.06,-104.75
58.64,-104.79
59.23,-104.83
59.82,-104.88
60.4,-104.92
60.99,-104.96
61.58,-105.01
62.16,-105.05
62.75,-105.09
63.33,-105.13
63.92,-105.18
64.51000000000001,-105.21
65.09,-105.25
65.68000000000001,-105.3
66.27,-105.33
66.84999999999999,-105.38
67.44,-105.42
68.03,-105.46
68.61,-105.51
69.2,-105.54
69.79000000000001,-105.59
70.37,-105.63
70.95999999999999,-105.67
71.54000000000001,-105.72
72.13,-105.76
72.72,-105.81
73.3,-105.85
73.89,-105.9
74.48,-105.94
75.06,-105.98
75.65000000000001,-106.03
76.23999999999999,-106.07
76.81999999999999,-106.12
77.41,-106.17
78.0,-106.21
78.58,-106.25
79.17,-106.54
75.51000000000001,-85.03
75.48,-84.45
75.40000000000001,-83.86
75.2,-83.27
75.01000000000001,-82.69
74.84999999999999,-82.09999999999999
74.66,-81.51000000000001
74.5,-80.93000000000001
74.31,-80.34
74.16,-79.75
73.97,-79.17
73.81,-78.58
73.62,-78.0
73.43000000000001,-77.41
73.28,-76.81999999999999
73.09999999999999,-76.23999999999999
72.94,-75.65000000000001
72.76000000000001,-75.06
72.56999999999999,-74.48
72.38,-73.89
72.22,-73.3
72.04000000000001,-72.72
71.88,-72.13
71.69,-71.54000000000001
71.51000000000001,-70.95999999999999
71.34999999999999,-70.37
71.17,-69.79000000000001
71.01000000000001,-69.2
70.81999999999999,-68.61
70.64,-68.03
70.48,-67.44
70.29000000000001,-66.84999999999999
70.11,-66.27
69.95,-65.68000000000001
69.76000000000001,-65.09
69.56999999999999,-64.51000000000001
69.41,-63.92
69.23,-63.33
69.06,-62.75
68.87,-62.16
68.68000000000001,-61.58
68.52,-60.99
68.33,-60.4
68.15000000000001,-59.82
67.98,-59.23
67.79000000000001,-58.64
67.63,-58.06
67.43000000000001,-57.47
67.27,-56.88
67.06999999999999,-56.3
66.88,-55.71
66.70999999999999,-55.12
66.53,-54.54
66.34,-53.95
66.19,-53.37
66.0,-52.78
65.84,-52.19
65.65000000000001,-51.61
65.47,-51.02
65.31,-50.43
65.13,-49.85
64.98,-49.26
64.78,-48.67
64.59,-48.09
64.43000000000001,-47.5
64.23999999999999,-46.91
64.09,-46.33
63.9,-45.74
63.72,-45.16
63.57,-44.57
63.38,-43.98
63.2,-43.4
63.05,-42.81
63.1,-42.22
63.5,-41.64
_