158.73,0
158.74,0.59
158.75,1.17
158.75,1.76
158.74,2.35
158.74,2.93
158.73,3.52
158.72,4.11
158.71,4.69
158.7,5.28
158.69,5.86
158.68,6.45
158.67,7.04
158.66,7.62
158.65,8.210000000000001
158.64,8.800000000000001
158.63,9.380000000000001
158.62,9.970000000000001
158.61,10.56
16.02,11.14
_
15.68,11.73
15.41,12.32
15.21,12.9
15.06,13.49
14.98,14.07
14.94,14.66
14.94,15.25
14.93,15.83
14.93,16.42
14.93,17.01
14.92,17.59
14.92,18.18
14.92,18.77
14.91,19.35
14.94,19.94
15.02,20.53
15.37,21.11
15.66,21.7
16.0,22.28
158.49,22.87
_
0,-185.38
0.59,-185.2
1.17,-185.09
1.76,-185.0
2.35,-184.93
2.93,-184.83
3.52,-184.73
4.11,-184.64
4.69,-184.53
5.28,-184.43
5.86,-184.34
6.45,-184.24
7.04,-184.14
7.62,-184.05
8.210000000000001,-183.95
8.800000000000001,-183.86
9.380000000000001,-183.76
9.970000000000001,-183.67
10.56,-183.57
11.14,-183.46
11.73,-183.37
12.32,-183.27
12.9,-183.16
13.49,-183.08
14.07,18.21
_
14.66,18.52
15.25,18.77
15.83,19.03
16.42,19.13
17.01,19.22
17.59,19.32
18.18,19.42
18.77,19.51
19.35,19.61
19.94,19.7
20.53,19.79
21.11,19.88
21.7,19.98
22.28,20.08
22.87,20.17
23.46,20.26
24.04,20.31
24.63,20.19
25.22,20.11
25.8,19.68
26.39,19.44
_
-183.6,32.25
-183.71,31.67
-183.59,31.08
-183.59,30.49
-183.55,29.91
-183.49,29.32
-183.44,28.74
-183.37,28.15
-183.32,27.56
-183.25,26.98
-183.2,26.39
-183.15,25.8
-183.08,25.22
-183.01,24.63
-182.94,24.04
-182.88,23.46
-182.81,22.87
-182.74,22.28
-182.7,21.7
_
20.53,21.11
_
20.85,20.53
21.13,19.94
21.41,19.35
21.5,18.77
21.57,18.18
21.62,17.59
21.68,17.01
21.74,16.42
21.79,15.83
21.85,15.25
21.9,14.66
21.97,14.07
22.02,13.49
21.99,12.9
21.76,12.32
21.59,11.73
21.35,11.14
21.04,10.56
_
35.77,90.88
35.19,91.17
34.6,91.42
34.01,91.48
33.43,89.79000000000001
32.84,89.75
32.25,89.70999999999999
31.67,89.67
31.08,89.65000000000001
30.49,88.25
29.91,88.22
29.32,88.19
28.74,88.15000000000001
28.15,88.13
27.56,87.18000000000001
26.98,87.14
26.39,87.11
25.8,87.08
25.22,86.36
24.63,86.33
24.04,86.29000000000001
_
23.46,16.78
_
22.87,16.21
22.28,16.02
21.7,15.86
21.11,15.79
20.53,15.75
19.94,15.72
19.35,15.69
18.77,15.65
18.18,15.62
17.59,15.59
17.01,15.56
16.42,15.53
15.83,15.49
15.25,15.46
14.66,15.42
14.07,15.39
13.49,15.36
12.9,15.48
12.32,15.62
11.73,15.8
11.14,16.05
10.56,16.37
_
160.12,1.17
160.1,1.76
160.03,2.35
159.91,2.93
159.85,3.52
159.78,4.11
159.73,4.69
159.67,5.28
159.62,5.86
159.56,6.45
159.51,7.04
159.45,7.62
159.39,8.210000000000001
159.33,8.800000000000001
159.27,9.380000000000001
159.21,9.970000000000001
159.16,10.56
159.11,11.14
159.06,11.73
159.0,12.32
158.96,12.9
158.9,13.49
15.88,14.07
_
15.57,14.66
15.31,15.25
15.13,15.83
14.97,16.42
14.9,17.01
14.84,17.59
14.78,18.18
14.73,18.77
14.67,19.35
14.62,19.94
14.56,20.53
14.5,21.11
14.46,21.7
14.48,22.28
14.53,22.87
14.65,23.46
15.1,24.04
15.39,24.63
157.85,25.22
_
157.39,34.6
157.34,35.19
157.28,35.77
157.24,36.36
157.19,36.95
157.14,37.53
157.1,38.12
157.06,38.7
157.01,39.29
156.97,39.88
156.93,40.46
156.89,41.05
156.85,41.64
156.81,42.22
156.76,42.81
156.73,43.4
156.68,43.98
156.65,44.57
156.61,45.16
156.56,45.74
156.52,46.33
156.47,46.91
156.44,47.5
156.39,48.09
156.35,48.67
156.31,49.26
156.27,49.85
156.24,50.43
156.2,51.02
156.15,51.61
156.12,52.19
156.07,52.78
156.03,53.37
155.99,53.95
155.95,54.54
155.91,55.12
155.87,55.71
_
12.72,56.3
_
12.31,56.88
12.14,57.47
11.99,58.06
11.95,58.64
11.9,59.23
11.86,59.82
11.82,60.4
11.77,60.99
11.74,61.58
11.69,62.16
11.66,62.75
11.61,63.33
11.69,63.92
11.79,64.51000000000001
12.12,65.09
155.15,65.68000000000001
_
1.17,-13.37
1.76,-13.31
2.35,-12.33
2.93,-12.08
3.52,-11.97
4.11,-11.91
4.69,-11.88
5.28,-10.53
5.86,-10.49
6.45,-10.44
7.04,-10.4
7.62,-10.34
8.210000000000001,-9.449999999999999
8.800000000000001,-9.41
9.380000000000001,-9.359999999999999
9.970000000000001,-9.300000000000001
10.56,-9.26
11.14,-8.6
11.73,-8.56
12.32,61.02
_
12.9,61.33
13.49,61.71
14.07,61.86
14.66,61.93
15.25,61.98
15.83,62.02
16.42,62.07
17.01,62.12
17.59,62.16
18.18,62.2
18.77,62.24
19.35,62.29
19.94,62.34
20.53,62.37
21.11,62.42
21.7,62.46
22.28,62.44
22.87,62.4
23.46,62.27
24.04,61.86
24.63,61.58
_
-183.88,75.06
-183.92,74.48
-183.82,73.89
-183.84,73.3
-183.83,72.72
-183.81,72.13
-183.78,71.54000000000001
-183.75,70.95999999999999
-183.72,70.37
-183.7,69.79000000000001
-183.68,69.2
-183.66,68.61
-183.63,68.03
-183.6,67.44
-183.57,66.84999999999999
-183.54,66.27
-183.51,65.68000000000001
-183.48,65.09
-183.45,64.51000000000001
-183.43,63.92
_
19.39,63.33
_
19.69,62.75
20.11,62.16
20.25,61.58
20.32,60.99
20.36,60.4
20.39,59.82
20.41,59.23
20.44,58.64
20.46,58.06
20.48,57.47
20.5,56.88
20.52,56.3
20.54,55.71
20.51,55.12
20.29,54.54
20.12,53.95
19.87,53.37
-183.01,52.78
_
34.01,129.97
33.43,129.99
32.84,130.0
32.25,130.07
31.67,130.06
31.08,130.04
30.49,130.03
29.91,130.02
29.32,130.02
28.74,130.01
28.15,130.0
27.56,130.0
26.98,129.99
26.39,129.98
25.8,129.98
25.22,129.98
24.63,129.97
24.04,129.97
23.46,129.96
22.87,129.96
22.28,129.95
_
21.7,59.37
_
21.11,59.04
20.53,58.76
19.94,58.57
19.35,58.35
18.77,58.31
18.18,58.3
17.59,58.29
17.01,58.28
16.42,58.27
15.83,58.26
15.25,58.26
14.66,58.25
14.07,58.24
13.49,58.23
12.9,58.23
12.32,58.23
11.73,58.23
11.14,58.26
10.56,58.49
9.970000000000001,58.68
9.380000000000001,58.96
8.800000000000001,59.29
_
157.44,43.4
157.49,43.98
157.44,44.57
157.43,45.16
157.35,45.74
157.27,46.33
157.18,46.91
157.1,47.5
157.0,48.09
156.93,48.67
156.83,49.26
156.74,49.85
156.67,50.43
156.58,51.02
156.51,51.61
156.43,52.19
156.35,52.78
156.27,53.37
156.18,53.95
156.1,54.54
156.02,55.12
155.95,55.71
155.86,56.3
155.77,56.88
12.53,57.47
_
12.24,58.06
11.98,58.64
11.74,59.23
11.65,59.82
11.57,60.4
11.48,60.99
11.4,61.58
11.32,62.16
11.23,62.75
11.14,63.33
11.07,63.92
10.98,64.51000000000001
10.93,65.09
11.03,65.68000000000001
11.11,66.27
11.52,66.84999999999999
11.75,67.44
_
153.55,76.81999999999999
_
153.48,77.41
153.4,78.0
153.33,78.58
153.25,79.17
153.16,79.75
153.09,80.34
153.01,80.93000000000001
152.94,81.51000000000001
152.86,82.09999999999999
152.79,82.69
152.72,83.27
152.64,83.86
152.57,84.45
152.48,85.03
152.4,85.62
152.33,86.20999999999999
152.25,86.79000000000001
152.18,87.38
152.1,87.95999999999999
152.02,88.55
151.96,89.14
151.88,89.72
151.81,90.31
151.73,90.90000000000001
151.66,91.48
151.6,92.06999999999999
151.52,92.66
151.45,93.23999999999999
151.39,93.83
151.32,94.42
151.26,95.0
151.19,95.59
151.11,96.17
150.98,96.76000000000001
-0.59,91.84999999999999
-1.17,91.86
-1.76,91.89
-2.35,91.93000000000001
-2.93,91.98
-3.52,92.03
-4.11,92.08
-4.69,92.14
-5.28,92.18000000000001
-5.86,92.23999999999999
-6.45,92.29000000000001
-7.04,92.34
-7.62,92.39
-8.210000000000001,92.45
-8.800000000000001,92.48999999999999
-9.380000000000001,92.54000000000001
-9.970000000000001,92.59
-10.56,92.65000000000001
-11.14,92.7
-11.73,92.75
-12.32,92.81
-12.9,92.84999999999999
-13.49,92.91
-14.07,92.95
-14.66,93.01000000000001
-15.25,93.06999999999999
-15.83,93.12
-16.42,93.18000000000001
-17.01,93.22
-17.59,93.28
-18.18,93.34
-18.77,93.38
-19.35,93.44
-19.94,93.48
-20.53,93.53
-21.11,93.58
-21.7,93.64
-22.28,93.7
-22.87,93.75
-23.46,93.8
-24.04,93.84999999999999
-24.63,93.91
-25.22,93.97
-25.8,94.02
-26.39,94.08
-26.98,94.12
-27.56,94.18000000000001
-28.15,94.23
-28.74,94.28
-29.32,94.33
-29.91,94.37
-30.49,94.42
-31.08,94.47
-31.67,94.52
-32.25,94.56999999999999
-32.84,94.61
-33.43,94.66
-34.01,94.72
-34.6,94.78
-35.19,94.83
-35.77,94.89
-36.36,94.93000000000001
-36.95,94.98999999999999
-37.53,95.04000000000001
-38.12,95.09
-38.7,95.14
-39.29,95.19
-39.88,95.23999999999999
-40.46,95.28
-41.05,95.34
-41.64,95.39
-42.22,95.44
-42.81,95.48999999999999
-43.4,95.55
-43.98,95.59
-44.57,95.65000000000001
-45.16,95.7
-45.74,95.76000000000001
-46.33,95.81
-46.91,95.84999999999999
-47.5,95.91
-48.09,95.95
-48.67,96.0
-49.26,96.05
-49.85,96.09
-50.43,96.14
-51.02,96.19
-51.61,96.23999999999999
-52.19,96.3
-52.78,96.34
-53.37,96.39
-53.95,96.43000000000001
-54.54,96.48
-55.12,96.53
-55.71,96.58
-56.3,96.63
-56.88,96.68000000000001
-57.47,96.73
-58.06,96.78
-58.64,96.83
-59.23,96.88
-59.82,96.94
-60.4,96.98
-60.99,97.04000000000001
-61.58,97.08
-62.16,97.13
-62.75,97.18000000000001
-63.33,97.22
-63.92,97.28
-64.51000000000001,97.33
-65.09,97.38
-65.68000000000001,97.44
-66.27,97.48999999999999
-66.84999999999999,97.55
-67.44,97.59999999999999
-68.03,97.66
-68.61,97.70999999999999
-69.2,97.76000000000001
-69.79000000000001,97.81999999999999
-70.37,97.88
-70.95999999999999,97.92
-71.54000000000001,97.98
-72.13,98.03
-72.72,98.09
-73.3,98.15000000000001
-73.89,98.2
-74.48,98.26000000000001
-75.06,98.31
-75.65000000000001,98.37
-76.23999999999999,98.43000000000001
-76.81999999999999,98.48
-77.41,98.54000000000001
-78.0,98.59
-78.58,98.65000000000001
-79.17,98.70999999999999
-79.75,98.76000000000001
-80.34,98.83
-80.93000000000001,98.88
-81.51000000000001,98.95
-82.09999999999999,99.01000000000001
-82.69,99.06999999999999
-83.27,99.13
-83.86,99.2
-84.45,99.25
-85.03,99.31999999999999
-85.62,99.38
-86.20999999999999,99.43000000000001
-86.79000000000001,99.5
-87.38,99.56
-87.95999999999999,99.61
-88.55,99.67
-89.14,99.73
-89.72,99.78
-90.31,99.84
-90.90000000000001,99.91
-91.48,99.95999999999999
-92.06999999999999,100.02
-92.66,100.07
-93.23999999999999,100.14
-87.91,79.17
-87.91,78.58
-87.93000000000001,78.0
-87.93000000000001,77.41
-87.95,76.81999999999999
-87.97,76.23999999999999
-87.98999999999999,75.65000000000001
-88.0,75.06
-88.02,74.48
-88.04000000000001,73.89
-88.06,73.3
-88.08,72.72
-88.09999999999999,72.13
-88.11,71.54000000000001
-88.13,70.95999999999999
-88.15000000000001,70.37
-88.17,69.79000000000001
-88.19,69.2
-88.2,68.61
-88.22,68.03
-88.23999999999999,67.44
-88.26000000000001,66.84999999999999
-88.28,66.27
-88.3,65.68000000000001
-88.31999999999999,65.09
-88.34,64.51000000000001
-88.36,63.92
-88.38,63.33
-88.40000000000001,62.75
-88.42,62.16
-88.44,61.58
-88.45999999999999,60.99
-88.48,60.4
-88.51000000000001,59.82
-88.53,59.23
-88.56,58.64
-88.58,58.06
-88.61,57.47
-88.63,56.88
-88.66,56.3
-88.69,55.71
-88.72,55.12
-88.73999999999999,54.54
-88.77,53.95
-88.8,53.37
-88.83,52.78
-88.86,52.19
-88.88,51.61
-88.91,51.02
-88.93000000000001,50.43
-88.95999999999999,49.85
-88.98999999999999,49.26
-89.02,48.67
-89.04000000000001,48.09
-89.06999999999999,47.5
-89.09999999999999,46.91
-89.12,46.33
-89.16,45.74
-89.18000000000001,45.16
-89.20999999999999,44.57
-89.23999999999999,43.98
-89.27,43.4
-89.3,42.81
-89.33,42.22
-89.36,41.64
-89.39,41.05
-89.41,40.46
-89.44,39.88
-89.47,39.29
-89.5,38.7
-89.54000000000001,38.12
-89.56,37.53
-89.59,36.95
-89.62,36.36
-89.65000000000001,35.77
-89.68000000000001,35.19
-89.7,34.6
-89.73,34.01
-89.76000000000001,33.43
-89.79000000000001,32.84
-89.81999999999999,32.25
-89.84,31.67
-89.87,31.08
-89.90000000000001,30.49
-89.92,29.91
-89.95,29.32
-89.98,28.74
-90.01000000000001,28.15
-90.03,27.56
-90.06,26.98
-90.09,26.39
-90.12,25.8
-90.15000000000001,25.22
-90.18000000000001,24.63
-90.2,24.04
-90.23,23.46
-90.26000000000001,22.87
-90.28,22.28
-90.31,21.7
-90.33,21.11
-90.34999999999999,20.53
-90.38,19.94
-90.40000000000001,19.35
-90.42,18.77
-90.45,18.18
-90.47,17.59
-90.5,17.01
-90.52,16.42
-90.55,15.83
-90.56999999999999,15.25
-90.59999999999999,14.66
-90.62,14.07
-90.64,13.49
-90.67,12.9
-90.69,12.32
-90.70999999999999,11.73
-90.73999999999999,11.14
-90.76000000000001,10.56
-90.79000000000001,9.970000000000001
-90.81,9.380000000000001
-90.84,8.800000000000001
-90.86,8.210000000000001
-90.89,7.62
-90.91,7.04
-90.93000000000001,6.45
-90.95999999999999,5.86
-90.98,5.28
-91.01000000000001,4.69
-91.04000000000001,4.11
-91.06,3.52
-91.09,2.93
-91.11,2.35
-91.13,1.76
-91.16,1.17
-91.18000000000001,0.59
-91.2,0.0
-91.23,-0.59
-91.25,-1.17
-91.27,-1.76
-91.29000000000001,-2.35
-91.31,-2.93
-91.33,-3.52
-91.34999999999999,-4.11
-91.37,-4.69
-91.39,-5.28
-91.42,-5.86
-91.44,-6.45
-91.47,-7.04
-91.48999999999999,-7.62
-91.51000000000001,-8.210000000000001
-91.53,-8.800000000000001
-91.55,-9.380000000000001
-91.58,-9.970000000000001
-91.59999999999999,-10.56
-91.62,-11.14
-91.65000000000001,-11.73
-91.67,-12.32
-91.69,-12.9
-91.72,-13.49
-91.73999999999999,-14.07
-91.76000000000001,-14.66
-91.78,-15.25
-91.81,-15.83
-91.83,-16.42
-91.86,-17.01
-91.88,-17.59
-91.91,-18.18
-91.93000000000001,-18.77
-91.95,-19.35
-91.97,-19.94
-92.0,-20.53
-92.03,-21.11
-92.05,-21.7
-92.06999999999999,-22.28
-92.09999999999999,-22.87
-92.12,-23.46
-92.14,-24.04
-92.16,-24.63
-92.19,-25.22
-92.22,-25.8
-92.25,-26.39
-92.28,-26.98
-92.3,-27.56
-92.31999999999999,-28.15
-92.34999999999999,-28.74
-92.37,-29.32
-92.40000000000001,-29.91
-92.43000000000001,-30.49
-92.45,-31.08
-92.48,-31.67
-92.51000000000001,-32.25
-92.54000000000001,-32.84
-92.56,-33.43
-92.59,-34.01
-92.62,-34.6
-92.65000000000001,-35.19
-92.67,-35.77
-92.7,-36.36
-92.72,-36.95
-92.73999999999999,-37.53
-92.77,-38.12
-92.79000000000001,-38.7
-92.81999999999999,-39.29
-92.84999999999999,-39.88
-92.87,-40.46
-92.90000000000001,-41.05
-92.93000000000001,-41.64
-92.97,-42.22
-93.0,-42.81
-93.03,-43.4
-93.06,-43.98
-93.09,-44.57
-93.12,-45.16
-93.15000000000001,-45.74
-93.18000000000001,-46.33
-93.20999999999999,-46.91
-93.23999999999999,-47.5
-93.27,-48.09
-93.3,-48.67
-93.33,-49.26
-93.36,-49.85
-93.38,-50.43
-93.41,-51.02
-93.44,-51.61
-93.47,-52.19
-93.48999999999999,-52.78
-93.52,-53.37
-93.55,-53.95
-93.58,-54.54
-93.61,-55.12
-93.63,-55.71
-93.66,-56.3
-93.69,-56.88
-93.72,-57.47
-93.75,-58.06
-93.77,-58.64
-93.8,-59.23
-93.81999999999999,-59.82
-93.84999999999999,-60.4
-93.88,-60.99
-93.90000000000001,-61.58
-93.93000000000001,-62.16
-93.95999999999999,-62.75
-93.98999999999999,-63.33
-94.02,-63.92
-94.04000000000001,-64.51000000000001
-94.06999999999999,-65.09
-94.09999999999999,-65.68000000000001
-94.13,-66.27
-94.15000000000001,-66.84999999999999
-94.18000000000001,-67.44
-94.20999999999999,-68.03
-94.23999999999999,-68.61
-94.26000000000001,-69.2
-94.29000000000001,-69.79000000000001
-94.31999999999999,-70.37
-94.34,-70.95999999999999
-94.37,-71.54000000000001
-94.40000000000001,-72.13
-94.43000000000001,-72.72
-94.45999999999999,-73.3
-94.48,-73.89
-94.51000000000001,-74.48
-94.53,-75.06
-94.56999999999999,-75.65000000000001
-94.59999999999999,-76.23999999999999
-94.63,-76.81999999999999
-94.66,-77.41
-94.69,-78.0
-94.72,-78.58
-94.75,-79.17
-94.78,-79.75
-94.81,-80.34
-94.84,-80.93000000000001
-94.87,-81.51000000000001
-94.90000000000001,-82.09999999999999
-94.93000000000001,-82.69
-95.01000000000001,-83.27
-75.65000000000001,-78.37
-75.06,-78.36
-74.48,-78.25
-73.89,-78.06
-73.3,-77.98999999999999
-72.72,-77.93000000000001
-72.13,-77.84999999999999
-71.54000000000001,-77.79000000000001
-70.95999999999999,-77.70999999999999
-70.37,-77.64
-69.79000000000001,-77.56
-69.2,-77.48999999999999
-68.61,-77.42
-68.03,-77.34
-67.44,-77.26000000000001
-66.84999999999999,-77.2
-66.27,-77.12
-65.68000000000001,-77.05
-65.09,-76.98
-64.51000000000001,-76.91
-63.92,-76.84
-63.33,-76.76000000000001
-62.75,-76.7
-62.16,-76.62
-61.58,-76.55
-60.99,-76.47
-60.4,-76.41
-59.82,-76.33
-59.23,-76.23999999999999
-58.64,-76.17
-58.06,-76.09
-57.47,-76.01000000000001
-56.88,-75.94
-56.3,-75.86
-55.71,-75.79000000000001
-55.12,-75.70999999999999
-54.54,-75.64
-53.95,-75.56
-53.37,-75.48999999999999
-52.78,-75.41
-52.19,-75.33
-51.61,-75.26000000000001
-51.02,-75.18000000000001
-50.43,-75.11
-49.85,-75.02
-49.26,-74.95999999999999
-48.67,-74.88
-48.09,-74.79000000000001
-47.5,-74.72
-46.91,-74.63
-46.33,-74.56
-45.74,-74.47
-45.16,-74.38
-44.57,-74.31
-43.98,-74.23
-43.4,-74.15000000000001
-42.81,-74.06999999999999
-42.22,-73.98999999999999
-41.64,-73.91
-41.05,-73.83
-40.46,-73.75
-39.88,-73.66
-39.29,-73.58
-38.7,-73.5
-38.12,-73.43000000000001
-37.53,-73.34
-36.95,-73.25
-36.36,-73.18000000000001
-35.77,-73.09999999999999
-35.19,-73.01000000000001
-34.6,-72.94
-34.01,-72.86
-33.43,-72.79000000000001
-32.84,-72.7
-32.25,-72.63
-31.67,-72.54000000000001
-31.08,-72.47
-30.49,-72.38
-29.91,-72.3
-29.32,-72.22
-28.74,-72.13
-28.15,-72.04000000000001
-27.56,-71.97
-26.98,-71.89
-26.39,-71.81999999999999
-25.8,-71.73999999999999
-25.22,-71.67
-24.63,-71.59
-24.04,-71.51000000000001
-23.46,-71.44
-22.87,-71.36
-22.28,-71.29000000000001
-21.7,-71.20999999999999
-21.11,-71.14
-20.53,-71.06
-19.94,-70.98
-19.35,-70.91
-18.77,-70.83
-18.18,-70.76000000000001
-17.59,-70.68000000000001
-17.01,-70.59999999999999
-16.42,-70.53
-15.83,-70.45
-15.25,-70.36
-14.66,-70.29000000000001
-14.07,-70.20999999999999
-13.49,-70.14
-12.9,-70.06
-12.32,-69.98
-11.73,-69.91
-11.14,-69.83
-10.56,-69.77
-9.970000000000001,-69.69
-9.380000000000001,-69.59999999999999
-8.800000000000001,-69.53
-8.210000000000001,-69.45
-7.62,-69.38
-7.04,-69.3
-6.45,-69.23
-5.86,-69.15000000000001
-5.28,-69.06999999999999